5729 5768
5502 5550
5303 5393
5202 5303
5145 5202
5062 5145
5017 5062
4878 5017
4856 4878
4723 4856
4664 4723
2633 2717
3400 3497
4108 4258
5393 5502
1075 1162
3178 3245
3178 3250
2155 2161
4338 4472
1691 1821
1387 1510
1354 1387
1246 1354
1510 1553
1510 1542
1162 1246
63 124
181 320
414 526
0 63
3245 3293
2019 2155
622 718
622 713
5550 5650
2375 2415
2375 2467
4617 4664
713 780
124 181
360 414
360 480
1844 1967
320 360
780 823
1542 1653
526 632
526 622
2473 2633
2161 2318
2161 2266
1653 1691
2415 2473
3536 3617
2266 2375
2717 2786
2807 2889
2889 3018
3018 3090
3090 3178
3090 3180
1007 1075
3293 3400
3497 3536
3497 3578
823 881
3617 3687
3687 3769
3769 3877
3976 4056
5650 5729
1967 2019
4507 4617
2786 2807
881 1007
4056 4107
4056 4161
1821 1844
4107 4108
3877 3976
4258 4338
4472 4507
